92 8 24 1 128 15 1 4
12 0 40 1 8 0 1 4
11 0 181 5 42 1 1 4
178 6 144 3 137 1 1 4
125 2 254 0 7 5 1 4
53 5 189 5 152 1 1 4
22 8 169 0 33 3 1 4
127 8 232 2 90 2 1 4
179 10 182 1 251 1 1 4
20 7 181 1 194 1 1 4
163 11 2 3 9 5 1 4
130 8 176 6 97 1 1 4
13 0 35 0 13 0 1 4
76 12 52 0 10 0 1 4
15 0 169 5 249 1 1 4
212 9 116 1 36 4 1 4
167 8 55 0 128 15 1 4
104 8 52 0 118 1 1 4
160 8 91 3 113 0 1 4
74 8 143 4 207 1 1 4
13 0 28 0 11 0 1 4
192 2 65 1 212 3 1 4
60 1 51 0 203 1 1 4
150 13 210 5 140 1 1 4
19 8 52 5 166 1 1 4
115 8 124 1 195 5 1 4
106 1 73 1 103 1 1 4
104 8 212 3 168 1 1 4
112 8 30 1 31 2 1 4
133 8 223 1 41 2 1 4
97 6 189 5 183 0 1 4
130 9 39 5 21 0 1 4
14 0 245 4 128 15 1 4
11 0 39 1 117 1 1 4
219 5 35 0 115 0 1 4
102 5 55 0 140 1 1 4
58 5 219 0 174 1 1 4
12 0 133 1 128 15 1 4
108 8 118 5 144 0 1 4
105 6 179 2 24 0 1 4
249 7 131 1 49 4 1 4
3 3 35 0 33 3 1 4
169 8 104 0 7 3 1 4
14 0 56 0 227 4 1 4
83 8 10 6 155 2 1 4
128 8 138 1 99 5 1 4
197 8 0 3 18 5 1 4
167 8 128 2 104 1 1 4
12 0 231 7 195 0 1 4
48 7 160 1 131 2 1 4
127 2 136 2 222 4 1 4
140 9 114 4 242 3 1 4
114 8 63 1 108 0 1 4
229 11 218 2 27 1 1 4
119 15 207 2 50 3 1 4
16 0 177 5 101 1 1 4
214 4 55 0 30 0 1 4
11 0 161 0 147 1 1 4
120 5 22 1 224 2 1 4
98 8 249 0 70 0 1 4
29 9 255 4 242 1 1 4
47 7 224 2 33 4 1 4
210 8 105 3 104 2 1 4
12 0 216 0 161 0 1 4
252 6 235 4 128 1 1 4
15 0 175 1 15 2 1 4
11 0 88 5 82 2 1 4
68 13 35 0 50 2 1 4
46 5 162 5 27 4 1 4
207 5 87 4 96 1 1 4
174 8 189 4 33 3 1 4
49 7 53 0 197 0 1 4
191 9 57 5 39 2 1 4
199 10 152 2 62 3 1 4
12 9 117 1 61 3 1 4
101 9 237 4 108 0 1 4
243 9 161 0 170 0 1 4
139 8 28 1 248 2 1 4
197 3 204 5 9 0 1 4
225 6 89 5 53 5 1 4
130 8 9 5 117 4 1 4
13 0 225 4 70 3 1 4
136 8 211 2 19 8 1 4
61 0 22 1 20 0 1 4
108 10 13 2 56 5 1 4
244 13 157 0 53 0 1 4
144 3 158 1 29 2 1 4
157 10 149 2 25 1 1 4
129 8 52 1 159 1 1 4
237 6 134 5 127 1 1 4
12 0 53 0 127 1 1 4
160 12 53 0 235 4 1 4
18 10 193 3 81 5 1 4
146 8 85 1 199 0 1 4
239 3 120 5 172 0 1 4
12 0 43 7 68 1 1 4
140 8 195 1 188 1 1 4
112 8 223 0 244 4 1 4
93 9 186 1 25 2 1 4
225 8 45 2 167 0 1 4
89 6 65 1 48 0 1 4
233 2 55 0 104 0 1 4
11 0 51 2 3 3 1 4
78 9 76 5 89 1 1 4
84 8 213 2 186 3 1 4
235 0 202 1 237 2 1 4
11 0 243 1 121 1 1 4
58 8 82 2 202 3 1 4
12 0 189 0 232 0 1 4
215 12 53 0 133 0 1 4
49 11 253 1 248 1 1 4
14 0 32 1 92 1 1 4
66 8 57 1 45 2 1 4
10 8 133 0 132 1 1 4
119 0 123 1 185 4 1 4
11 0 90 2 213 4 1 4
11 0 8 5 128 15 1 4
170 15 64 2 41 4 1 4
117 6 104 1 251 0 1 4
12 0 75 4 190 0 1 4
200 7 28 2 14 4 1 4
59 11 119 1 64 1 1 4
247 9 255 3 185 4 1 4
62 10 133 1 120 1 1 4
12 9 37 2 28 4 1 4
13 0 126 1 4 1 1 4
11 0 9 1 155 2 1 4
213 10 53 0 130 1 1 4
88 15 187 0 10 0 1 4
13 0 148 5 215 3 1 4
168 6 129 5 65 3 1 4
12 0 128 2 75 1 1 4
12 7 144 4 23 0 1 4
139 8 43 1 87 0 1 4
147 0 229 3 7 2 1 4
77 11 96 1 128 15 1 4
210 8 54 0 200 5 1 4
155 8 244 4 235 3 1 4
119 7 47 1 250 1 1 4
212 0 58 0 44 3 1 4
167 5 56 3 174 3 1 4
59 10 23 2 221 4 1 4
72 0 101 7 7 3 1 4
11 0 43 4 33 0 1 4
135 8 133 1 85 2 1 4
140 1 56 0 130 3 1 4
11 0 35 0 249 0 1 4
12 0 54 0 14 0 1 4
11 0 197 1 128 15 1 4
178 8 204 4 1 2 1 4
195 2 52 0 128 15 1 4
142 8 252 1 82 1 1 4
119 8 115 1 196 0 1 4
222 9 35 0 9 0 1 4
111 12 124 4 45 4 1 4
112 10 206 1 240 1 1 4
142 8 126 2 230 0 1 4
13 0 51 0 223 4 1 4
203 10 74 6 194 0 1 4
129 8 28 4 119 4 1 4
237 8 4 3 171 4 1 4
138 8 98 4 255 0 1 4
180 13 7 1 121 0 1 4
15 0 110 2 234 3 1 4
250 4 51 0 168 3 1 4
92 8 30 2 252 1 1 4
12 0 143 2 153 1 1 4
136 8 233 0 138 0 1 4
86 7 176 5 99 0 1 4
12 0 7 1 163 1 1 4
79 9 130 4 242 0 1 4
142 13 109 4 188 3 1 4
67 12 55 0 128 15 1 4
107 8 199 4 136 0 1 4
88 9 79 0 116 1 1 4
108 7 127 2 1 1 1 4
170 8 199 2 19 5 1 4
151 8 190 2 60 1 1 4
76 5 233 0 99 1 1 4
12 0 34 3 14 0 1 4
198 15 97 0 67 3 1 4
14 0 81 4 128 15 1 4
121 10 181 3 229 0 1 4
32 7 19 1 8 2 1 4
124 2 36 0 17 1 1 4
97 8 143 0 68 2 1 4
102 8 104 0 177 1 1 4
14 10 12 3 177 3 1 4
149 8 122 4 203 0 1 4
145 8 57 2 128 15 1 4
12 0 56 0 107 1 1 4
106 5 155 5 203 0 1 4
133 8 31 2 11 1 1 4
131 8 109 2 170 0 1 4
233 5 213 0 39 3 1 4
197 5 236 3 155 2 1 4
12 0 75 1 88 2 1 4
61 6 149 3 193 2 1 4
12 0 252 2 13 0 1 4
11 0 7 3 157 2 1 4
67 9 17 5 37 2 1 4
12 0 98 0 128 15 1 4
30 0 156 5 90 1 1 4
11 0 160 0 26 0 1 4
11 0 26 1 69 7 1 4
72 5 131 1 94 0 1 4
41 10 18 1 21 1 1 4
50 6 36 0 81 4 1 4
119 9 182 1 23 4 1 4
102 3 33 3 67 3 1 4
122 8 201 0 14 2 1 4
112 8 1 1 78 3 1 4
125 8 254 0 29 1 1 4
13 0 66 4 92 2 1 4
5 8 195 5 60 1 1 4
35 0 228 2 192 4 1 4
122 13 57 0 178 1 1 4
123 8 158 1 254 0 1 4
139 5 166 1 105 2 1 4
121 8 141 1 243 1 1 4
137 11 54 0 173 1 1 4
94 5 50 3 45 1 1 4
37 7 68 3 134 0 1 4
202 8 182 0 107 4 1 4
12 0 35 0 223 0 1 4
146 8 87 4 228 0 1 4
124 8 127 1 65 1 1 4
194 8 32 1 71 4 1 4
196 3 241 1 77 1 1 4
80 7 56 0 123 2 1 4
8 9 219 1 203 1 1 4
180 8 105 1 43 1 1 4
203 4 58 0 121 1 1 4
23 8 188 0 4 1 1 4
82 10 104 4 16 1 1 4
14 0 52 1 8 4 1 4
25 10 51 1 92 2 1 4
234 15 225 2 185 1 1 4
111 8 68 1 107 6 1 4
92 2 14 2 40 3 1 4
51 5 101 5 12 0 1 4
135 8 133 1 203 1 1 4
255 8 134 2 44 1 1 4
101 9 130 2 238 0 1 4
145 8 35 2 221 0 1 4
50 12 111 4 144 1 1 4
149 8 202 3 212 0 1 4
199 9 175 1 181 4 1 4
84 10 70 1 35 0 1 4
76 1 202 1 33 0 1 4
59 15 215 3 244 3 1 4
134 8 102 5 252 0 1 4
12 0 44 0 7 0 1 4
12 0 53 0 8 0 1 4
132 8 128 1 126 2 1 4
102 8 169 0 123 2 1 4
246 7 121 3 174 0 1 4
246 4 64 1 68 1 1 4
4 4 53 1 32 1 1 4
234 5 2 2 119 4 1 4
201 11 137 2 50 0 1 4
134 7 82 2 147 1 1 4
30 13 124 2 124 1 1 4
16 9 43 5 251 4 1 4
243 9 114 1 101 0 1 4
135 2 147 4 193 0 1 4
34 4 13 3 110 0 1 4
37 11 152 4 121 0 1 4
101 7 163 0 189 2 1 4
134 7 56 0 179 2 1 4
161 8 4 1 214 0 1 4
126 8 139 4 217 0 1 4
186 8 28 3 114 0 1 4
140 8 35 2 122 3 1 4
173 8 217 4 172 2 1 4
83 8 179 5 113 3 1 4
142 12 190 3 107 0 1 4
13 9 132 4 66 3 1 4
25 9 64 2 119 0 1 4
123 8 228 2 121 2 1 4
119 8 72 1 64 3 1 4
124 8 158 4 133 2 1 4
56 7 73 2 37 1 1 4
79 12 58 0 163 1 1 4
13 0 236 4 128 15 1 4
11 0 160 6 167 3 1 4
243 10 78 4 230 4 1 4
122 7 165 5 227 3 1 4
124 8 138 1 43 4 1 4
12 0 120 0 229 0 1 4
54 8 152 1 234 3 1 4
216 0 55 0 105 2 1 4
109 8 228 4 67 5 1 4
12 0 20 2 145 1 1 4
167 10 69 4 84 0 1 4
145 4 169 0 14 1 1 4
154 5 13 1 159 0 1 4
160 8 255 4 115 0 1 4
222 6 120 4 230 0 1 4
158 7 249 2 112 0 1 4
28 14 32 5 14 0 1 4
63 5 209 0 196 1 1 4
122 8 157 1 215 0 1 4
212 8 56 1 57 4 1 4
134 3 19 2 203 3 1 4
27 6 217 0 15 0 1 4
140 2 36 0 0 3 1 4
47 11 146 5 212 3 1 4
111 8 195 5 103 2 1 4
12 0 87 3 140 0 1 4
11 0 101 2 33 1 1 4
81 9 241 4 31 4 1 4
96 0 85 0 95 1 1 4
11 0 58 0 14 0 1 4
115 8 85 1 36 3 1 4
57 13 160 2 54 4 1 4
169 2 54 0 167 2 1 4
182 7 28 4 222 0 1 4
199 0 192 2 56 3 1 4
217 2 131 2 34 4 1 4
107 8 156 1 231 0 1 4
144 8 230 1 204 0 1 4
149 8 69 1 183 7 1 4
13 0 254 6 233 2 1 4
157 8 229 6 157 0 1 4
13 0 72 5 30 3 1 4
11 0 38 0 114 1 1 4
253 8 55 0 223 3 1 4
76 10 109 2 21 0 1 4
134 8 100 0 12 1 1 4
109 8 182 5 252 2 1 4
126 8 41 2 228 1 1 4
193 1 249 0 147 3 1 4
10 8 207 3 155 0 1 4
172 10 60 0 48 4 1 4
123 8 194 2 28 2 1 4
84 5 176 3 128 15 1 4
195 3 102 0 70 7 1 4
2 10 112 1 239 4 1 4
124 12 14 1 185 0 1 4
13 0 31 0 13 0 1 4
21 1 53 0 13 0 1 4
159 12 55 0 200 3 1 4
169 14 59 0 100 2 1 4
22 9 251 1 153 2 1 4
113 8 181 0 168 1 1 4
198 8 56 0 219 1 1 4
130 5 69 6 150 1 1 4
196 11 163 1 120 2 1 4
16 12 129 3 161 4 1 4
132 8 221 1 99 1 1 4
140 8 91 3 180 1 1 4
123 8 58 2 131 2 1 4
120 8 48 1 128 15 1 4
13 0 10 3 168 1 1 4
129 8 122 2 87 1 1 4
157 7 202 0 252 3 1 4
10 15 232 0 147 0 1 4
13 0 117 3 146 0 1 4
181 2 35 0 155 3 1 4
109 0 42 1 186 0 1 4
145 4 78 4 74 1 1 4
27 8 111 4 151 0 1 4
18 9 32 0 38 2 1 4
114 9 166 3 132 2 1 4
13 0 91 2 12 0 1 4
127 8 218 3 85 0 1 4
48 5 227 0 128 15 1 4
29 8 141 5 102 3 1 4
119 8 15 1 94 0 1 4
115 8 219 1 95 2 1 4
127 5 183 0 6 4 1 4
117 8 90 1 247 0 1 4
242 7 90 10 25 3 1 4
140 8 185 2 25 1 1 4
109 11 99 1 202 1 1 4
164 2 1 3 173 3 1 4
11 0 199 1 126 2 1 4
107 8 154 1 204 1 1 4
38 2 53 0 126 0 1 4
159 8 142 1 189 0 1 4
62 7 128 1 194 1 1 4
187 8 10 3 28 2 1 4
15 13 66 1 208 2 1 4
195 9 174 0 149 1 1 4
36 8 157 5 95 0 1 4
29 5 209 5 25 0 1 4
12 0 144 1 45 0 1 4
41 10 21 4 139 3 1 4
159 15 168 3 17 0 1 4
71 14 73 2 230 3 1 4
90 3 53 0 113 2 1 4
21 9 50 0 12 2 1 4
14 8 195 5 177 3 1 4
201 4 105 5 30 2 1 4
12 0 233 1 128 15 1 4
39 8 70 1 238 2 1 4
144 10 53 0 21 2 1 4
105 8 53 0 60 1 1 4
61 10 147 0 65 4 1 4
110 8 223 0 39 4 1 4
246 5 12 5 128 15 1 4
119 8 172 1 140 1 1 4
98 9 223 4 233 1 1 4
107 7 66 2 244 1 1 4
225 8 228 1 90 2 1 4
17 8 64 4 138 1 1 4
100 9 21 1 185 1 1 4
167 1 36 0 55 4 1 4
86 8 179 5 197 2 1 4
163 6 224 1 232 0 1 4
140 8 145 9 13 1 1 4
12 0 205 0 153 3 1 4
11 0 178 2 61 1 1 4
84 6 64 0 192 0 1 4
212 9 62 2 43 1 1 4
225 7 230 2 177 1 1 4
208 15 161 1 49 0 1 4
110 8 56 3 2 1 1 4
77 10 54 1 20 5 1 4
71 4 54 0 132 3 1 4
2 7 219 4 168 3 1 4
243 11 172 3 102 1 1 4
148 12 222 5 4 3 1 4
14 0 180 3 128 15 1 4
11 0 198 0 199 3 1 4
169 11 235 2 37 0 1 4
82 9 50 4 22 4 1 4
229 7 198 5 155 3 1 4
128 6 128 4 234 0 1 4
28 3 53 0 136 1 1 4
246 8 30 2 16 2 1 4
119 13 58 0 12 4 1 4
20 7 41 1 114 0 1 4
203 9 8 3 227 1 1 4
188 2 33 0 203 2 1 4
127 8 233 4 206 0 1 4
145 12 54 0 49 4 1 4
198 6 219 3 171 2 1 4
12 0 33 4 118 0 1 4
138 8 178 0 74 0 1 4
13 0 86 4 57 1 1 4
101 8 93 1 19 2 1 4
177 6 169 4 49 1 1 4
11 9 252 0 48 1 1 4
201 9 252 2 171 1 1 4
123 8 230 1 229 0 1 4
228 1 140 2 144 2 1 4
12 0 89 0 87 2 1 4
109 6 156 3 30 1 1 4
53 8 78 1 18 3 1 4
123 10 59 1 230 2 1 4
103 2 37 0 182 3 1 4
11 0 135 3 44 1 1 4
120 8 68 3 23 4 1 4
122 8 39 1 220 3 1 4
122 8 50 0 116 2 1 4
28 9 252 0 20 1 1 4
13 0 228 4 134 1 1 4
97 11 198 2 145 0 1 4
142 9 14 1 233 4 1 4
36 8 143 2 91 1 1 4
135 3 111 0 160 1 1 4
89 5 73 6 148 0 1 4
106 8 224 1 37 2 1 4
193 10 77 2 9 5 1 4
123 8 182 0 48 1 1 4
127 8 87 3 164 1 1 4
155 3 20 1 85 3 1 4
107 8 253 1 22 3 1 4
113 13 98 1 56 1 1 4
37 7 27 6 212 1 1 4
127 9 39 0 156 2 1 4
126 8 57 1 53 2 1 4
13 0 2 2 11 0 1 4
148 7 21 3 128 3 1 4
94 7 53 0 109 2 1 4
151 5 51 0 243 1 1 4
71 13 87 2 148 0 1 4
107 9 52 2 6 1 1 4
51 6 209 5 196 0 1 4
219 7 160 4 150 2 1 4
51 5 52 0 96 8 1 4
238 7 137 0 105 4 1 4
156 13 206 0 51 1 1 4
247 14 101 4 11 0 1 4
166 9 242 1 162 2 1 4
129 5 155 1 212 0 1 4
196 2 216 1 80 0 1 4
177 7 56 0 102 0 1 4
13 0 196 4 155 6 1 4
193 8 50 3 58 6 1 4
5 8 57 6 38 2 1 4
74 6 3 1 24 4 1 4
252 6 233 1 190 2 1 4
159 7 28 1 242 0 1 4
73 10 22 1 203 4 1 4
110 9 0 1 11 0 1 4
12 0 206 5 38 3 1 4
68 10 185 4 251 4 1 4
125 8 222 1 124 0 1 4
12 0 40 0 189 4 1 4
12 0 52 0 20 2 1 4
238 8 9 3 37 1 1 4
181 13 79 6 35 2 1 4
139 14 255 0 6 1 1 4
230 4 57 0 34 2 1 4
138 8 212 0 234 0 1 4
35 6 237 1 54 2 1 4
154 9 184 4 26 3 1 4
50 1 118 3 98 5 1 4
161 8 52 0 4 1 1 4
 0 1 4
11 0 181 5 42 1 1 4
178 6 144 3 137 1 1 4
125 2 254 0 7 5 1 4
53 5 189 5 152 1 1 4
22 8 169 0 33 3 1 4
127 8 232 2 90 2 1 4
179 10 182 1 251 1 1 4
20 7 181 1 194 1 1 4
163 11 2 3 9 5 1 4
130 8 176 6 97 1 1 4
13 0 35 0 13 0 1 4
76 12 52 0 10 0 1 4
15 0 169 5 249 1 1 4
212 9 116 1 36 4 1 4
167 8 55 0 128 15 1 4
104 8 52 0 118 1 1 4
160 8 91 3 113 0 1 4
74 8 143 4 207 1 1 4
13 0 28 0 11 0 1 4
192 2 65 1 212 3 1 4
60 1 51 0 203 1 1 4
150 13 210 5 140 1 1 4
19 8 52 5 166 1 1 4
115 8 124 1 195 5 1 4
106 1 73 1 103 1 1 4
104 8 212 3 168 1 1 4
112 8 30 1 31 2 1 4
133 8 223 1 41 2 1 4
97 6 189 5 183 0 1 4
130 9 39 5 21 0 1 4
14 0 245 4 128 15 1 4
11 0 39 1 117 1 1 4
219 5 35 0 115 0 1 4
102 5 55 0 140 1 1 4
58 5 219 0 174 1 1 4
12 0 133 1 128 15 1 4
108 8 118 5 144 0 1 4
105 6 179 2 24 0 1 4
249 7 131 1 49 4 1 4
3 3 35 0 33 3 1 4
169 8 104 0 7 3 1 4
14 0 56 0 227 4 1 4
83 8 10 6 155 2 1 4
128 8 138 1 99 5 1 4
197 8 0 3 18 5 1 4
167 8 128 2 104 1 1 4
12 0 231 7 195 0 1 4
48 7 160 1 131 2 1 4
127 2 136 2 222 4 1 4
140 9 114 4 242 3 1 4
114 8 63 1 108 0 1 4
229 11 218 2 27 1 1 4
119 15 207 2 50 3 1 4
16 0 177 5 101 1 1 4
214 4 55 0 30 0 1 4
11 0 161 0 147 1 1 4
120 5 22 1 224 2 1 4
98 8 249 0 70 0 1 4
29 9 255 4 242 1 1 4
47 7 224 2 33 4 1 4
210 8 105 3 104 2 1 4
12 0 216 0 161 0 1 4
252 6 235 4 128 1 1 4
15 0 175 1 15 2 1 4
11 0 88 5 82 2 1 4
68 13 35 0 50 2 1 4
46 5 162 5 27 4 1 4
207 5 87 4 96 1 1 4
174 8 189 4 33 3 1 4
49 7 53 0 197 0 1 4
191 9 57 5 39 2 1 4
199 10 152 2 62 3 1 4
12 9 117 1 61 3 1 4
101 9 237 4 108 0 1 4
243 9 161 0 170 0 1 4
139 8 28 1 248 2 1 4
197 3 204 5 9 0 1 4
225 6 89 5 53 5 1 4
130 8 9 5 117 4 1 4
13 0 225 4 70 3 1 4
136 8 211 2 19 8 1 4
61 0 22 1 20 0 1 4
108 10 13 2 56 5 1 4
244 13 157 0 53 0 1 4
144 3 158 1 29 2 1 4
157 10 149 2 25 1 1 4
129 8 52 1 159 1 1 4
237 6 134 5 127 1 1 4
12 0 53 0 127 1 1 4
160 12 53 0 235 4 1 4
18 10 193 3 81 5 1 4
146 8 85 1 199 0 1 4
239 3 120 5 172 0 1 4
12 0 43 7 68 1 1 4
140 8 195 1 188 1 1 4
112 8 223 0 244 4 1 4
93 9 186 1 25 2 1 4
225 8 45 2 167 0 1 4
89 6 65 1 48 0 1 4
233 2 55 0 104 0 1 4
11 0 51 2 3 3 1 4
78 9 76 5 89 1 1 4
84 8 213 2 186 3 1 4
235 0 202 1 237 2 1 4
11 0 243 1 121 1 1 4
58 8 82 2 202 3 1 4
12 0 189 0 232 0 1 4
215 12 53 0 133 0 1 4
49 11 253 1 248 1 1 4
14 0 32 1 92 1 1 4
66 8 57 1 45 2 1 4
10 8 133 0 132 1 1 4
119 0 123 1 185 4 1 4
11 0 90 2 213 4 1 4
11 0 8 5 128 15 1 4
170 15 64 2 41 4 1 4
117 6 104 1 251 0 1 4
12 0 75 4 190 0 1 4
200 7 28 2 14 4 1 4
59 11 119 1 64 1 1 4
247 9 255 3 185 4 1 4
62 10 133 1 120 1 1 4
12 9 37 2 28 4 1 4
13 0 126 1 4 1 1 4
11 0 9 1 155 2 1 4
213 10 53 0 130 1 1 4
88 15 187 0 10 0 1 4
13 0 148 5 215 3 1 4
168 6 129 5 65 3 1 4
12 0 128 2 75 1 1 4
12 7 144 4 23 0 1 4
139 8 43 1 87 0 1 4
147 0 229 3 7 2 1 4
77 11 96 1 128 15 1 4
210 8 54 0 200 5 1 4
155 8 244 4 235 3 1 4
119 7 47 1 250 1 1 4
212 0 58 0 44 3 1 4
167 5 56 3 174 3 1 4
59 10 23 2 221 4 1 4
72 0 101 7 7 3 1 4
11 0 43 4 33 0 1 4
135 8 133 1 85 2 1 4
140 1 56 0 130 3 1 4
11 0 35 0 249 0 1 4
12 0 54 0 14 0 1 4
11 0 197 1 128 15 1 4
178 8 204 4 1 2 1 4
195 2 52 0 128 15 1 4
142 8 252 1 82 1 1 4
119 8 115 1 196 0 1 4
222 9 35 0 9 0 1 4
111 12 124 4 45 4 1 4
112 10 206 1 240 1 1 4
142 8 126 2 230 0 1 4
13 0 51 0 223 4 1 4
203 10 74 6 194 0 1 4
129 8 28 4 119 4 1 4
237 8 4 3 171 4 1 4
138 8 98 4 255 0 1 4
180 13 7 1 121 0 1 4
15 0 110 2 234 3 1 4
250 4 51 0 168 3 1 4
92 8 30 2 252 1 1 4
12 0 143 2 153 1 1 4
136 8 233 0 138 0 1 4
86 7 176 5 99 0 1 4
12 0 7 1 163 1 1 4
79 9 130 4 242 0 1 4
142 13 109 4 188 3 1 4
67 12 55 0 128 15 1 4
107 8 199 4 136 0 1 4
88 9 79 0 116 1 1 4
108 7 127 2 1 1 1 4
170 8 199 2 19 5 1 4
151 8 190 2 60 1 1 4
76 5 233 0 99 1 1 4
12 0 34 3 14 0 1 4
198 15 97 0 67 3 1 4
14 0 81 4 128 15 1 4
121 10 181 3 229 0 1 4
32 7 19 1 8 2 1 4
124 2 36 0 17 1 1 4
97 8 143 0 68 2 1 4
102 8 104 0 177 1 1 4
14 10 12 3 177 3 1 4
149 8 122 4 203 0 1 4
145 8 57 2 128 15 1 4
12 0 56 0 107 1 1 4
106 5 155 5 203 0 1 4
133 8 31 2 11 1 1 4
131 8 109 2 170 0 1 4
233 5 213 0 39 3 1 4
197 5 236 3 155 2 1 4
12 0 75 1 88 2 1 4
61 6 149 3 193 2 1 4
12 0 252 2 13 0 1 4
11 0 7 3 157 2 1 4
67 9 17 5 37 2 1 4
12 0 98 0 128 15 1 4
30 0 156 5 90 1 1 4
11 0 160 0 26 0 1 4
11 0 26 1 69 7 1 4
72 5 131 1 94 0 1 4
41 10 18 1 21 1 1 4
50 6 36 0 81 4 1 4
119 9 182 1 23 4 1 4
102 3 33 3 67 3 1 4
122 8 201 0 14 2 1 4
112 8 1 1 78 3 1 4
125 8 254 0 29 1 1 4
13 0 66 4 92 2 1 4
5 8 195 5 60 1 1 4
35 0 228 2 192 4 1 4
122 13 57 0 178 1 1 4
123 8 158 1 254 0 1 4
139 5 166 1 105 2 1 4
121 8 141 1 243 1 1 4
137 11 54 0 173 1 1 4
94 5 50 3 45 1 1 4
37 7 68 3 134 0 1 4
202 8 182 0 107 4 1 4
12 0 35 0 223 0 1 4
146 8 87 4 228 0 1 4
124 8 127 1 65 1 1 4
194 8 32 1 71 4 1 4
196 3 241 1 77 1 1 4
80 7 56 0 123 2 1 4
8 9 219 1 203 1 1 4
180 8 105 1 43 1 1 4
203 4 58 0 121 1 1 4
23 8 188 0 4 1 1 4
82 10 104 4 16 1 1 4
14 0 52 1 8 4 1 4
25 10 51 1 92 2 1 4
234 15 225 2 185 1 1 4
111 8 68 1 107 6 1 4
92 2 14 2 40 3 1 4
51 5 101 5 12 0 1 4
135 8 133 1 203 1 1 4
255 8 134 2 44 1 1 4
101 9 130 2 238 0 1 4
145 8 35 2 221 0 1 4
50 12 111 4 144 1 1 4
149 8 202 3 212 0 1 4
199 9 175 1 181 4 1 4
84 10 70 1 35 0 1 4
76 1 202 1 33 0 1 4
59 15 215 3 244 3 1 4
134 8 102 5 252 0 1 4
12 0 44 0 7 0 1 4
12 0 53 0 8 0 1 4
132 8 128 1 126 2 1 4
102 8 169 0 123 2 1 4
246 7 121 3 174 0 1 4
246 4 64 1 68 1 1 4
4 4 53 1 32 1 1 4
234 5 2 2 119 4 1 4
201 11 137 2 50 0 1 4
134 7 82 2 147 1 1 4
30 13 124 2 124 1 1 4
16 9 43 5 251 4 1 4
243 9 114 1 101 0 1 4
135 2 147 4 193 0 1 4
34 4 13 3 110 0 1 4
37 11 152 4 121 0 1 4
101 7 163 0 189 2 1 4
134 7 56 0 179 2 1 4
161 8 4 1 214 0 1 4
126 8 139 4 217 0 1 4
186 8 28 3 114 0 1 4
140 8 35 2 122 3 1 4
173 8 217 4 172 2 1 4
83 8 179 5 113 3 1 4
142 12 190 3 107 0 1 4
13 9 132 4 66 3 1 4
25 9 64 2 119 0 1 4
123 8 228 2 121 2 1 4
119 8 72 1 64 3 1 4
124 8 158 4 133 2 1 4
56 7 73 2 37 1 1 4
79 12 58 0 163 1 1 4
13 0 236 4 128 15 1 4
11 0 160 6 167 3 1 4
243 10 78 4 230 4 1 4
122 7 165 5 227 3 1 4
124 8 138 1 43 4 1 4
12 0 120 0 229 0 1 4
54 8 152 1 234 3 1 4
216 0 55 0 105 2 1 4
109 8 228 4 67 5 1 4
12 0 20 2 145 1 1 4
167 10 69 4 84 0 1 4
145 4 169 0 14 1 1 4
154 5 13 1 159 0 1 4
160 8 255 4 115 0 1 4
222 6 120 4 230 0 1 4
158 7 249 2 112 0 1 4
28 14 32 5 14 0 1 4
63 5 209 0 196 1 1 4
122 8 157 1 215 0 1 4
212 8 56 1 57 4 1 4
134 3 19 2 203 3 1 4
27 6 217 0 15 0 1 4
140 2 36 0 0 3 1 4
47 11 146 5 212 3 1 4
111 8 195 5 103 2 1 4
12 0 87 3 140 0 1 4
11 0 101 2 33 1 1 4
81 9 241 4 31 4 1 4
96 0 85 0 95 1 1 4
11 0 58 0 14 0 1 4
115 8 85 1 36 3 1 4
57 13 160 2 54 4 1 4
169 2 54 0 167 2 1 4
182 7 28 4 222 0 1 4
199 0 192 2 56 3 1 4
217 2 131 2 34 4 1 4
107 8 156 1 231 0 1 4
144 8 230 1 204 0 1 4
149 8 69 1 183 7 1 4
13 0 254 6 233 2 1 4
157 8 229 6 157 0 1 4
13 0 72 5 30 3 1 4
11 0 38 0 114 1 1 4
253 8 55 0 223 3 1 4
76 10 109 2 21 0 1 4
134 8 100 0 12 1 1 4
109 8 182 5 252 2 1 4
126 8 41 2 228 1 1 4
193 1 249 0 147 3 1 4
10 8 207 3 155 0 1 4
172 10 60 0 48 4 1 4
123 8 194 2 28 2 1 4
84 5 176 3 128 15 1 4
195 3 102 0 70 7 1 4
2 10 112 1 239 4 1 4
124 12 14 1 185 0 1 4
13 0 31 0 13 0 1 4
21 1 53 0 13 0 1 4
159 12 55 0 200 3 1 4
169 14 59 0 100 2 1 4
22 9 251 1 153 2 1 4
113 8 181 0 168 1 1 4
198 8 56 0 219 1 1 4
130 5 69 6 150 1 1 4
196 11 163 1 120 2 1 4
16 12 129 3 161 4 1 4
132 8 221 1 99 1 1 4
140 8 91 3 180 1 1 4
123 8 58 2 131 2 1 4
120 8 48 1 128 15 1 4
13 0 10 3 168 1 1 4
129 8 122 2 87 1 1 4
157 7 202 0 252 3 1 4
10 15 232 0 147 0 1 4
13 0 117 3 146 0 1 4
181 2 35 0 155 3 1 4
109 0 42 1 186 0 1 4
145 4 78 4 74 1 1 4
27 8 111 4 151 0 1 4
18 9 32 0 38 2 1 4
114 9 166 3 132 2 1 4
13 0 91 2 12 0 1 4
127 8 218 3 85 0 1 4
48 5 227 0 128 15 1 4
29 8 141 5 102 3 1 4
119 8 15 1 94 0 1 4
115 8 219 1 95 2 1 4
127 5 183 0 6 4 1 4
117 8 90 1 247 0 1 4
242 7 90 10 25 3 1 4
140 8 185 2 25 1 1 4
109 11 99 1 202 1 1 4
164 2 1 3 173 3 1 4
11 0 199 1 126 2 1 4
107 8 154 1 204 1 1 4
38 2 53 0 126 0 1 4
159 8 142 1 189 0 1 4
62 7 128 1 194 1 1 4
187 8 10 3 28 2 1 4
15 13 66 1 208 2 1 4
195 9 174 0 149 1 1 4
36 8 157 5 95 0 1 4
29 5 209 5 25 0 1 4
12 0 144 1 45 0 1 4
41 10 21 4 139 3 1 4
159 15 168 3 17 0 1 4
71 14 73 2 230 3 1 4
90 3 53 0 113 2 1 4
21 9 50 0 12 2 1 4
14 8 195 5 177 3 1 4
201 4 105 5 30 2 1 4
12 0 233 1 128 15 1 4
39 8 70 1 238 2 1 4
144 10 53 0 21 2 1 4
105 8 53 0 60 1 1 4
61 10 147 0 65 4 1 4
110 8 223 0 39 4 1 4
246 5 12 5 128 15 1 4
119 8 172 1 140 1 1 4
98 9 223 4 233 1 1 4
107 7 66 2 244 1 1 4
225 8 228 1 90 2 1 4
17 8 64 4 138 1 1 4
100 9 21 1 185 1 1 4
167 1 36 0 55 4 1 4
86 8 179 5 197 2 1 4
163 6 224 1 232 0 1 4
140 8 145 9 13 1 1 4
12 0 205 0 153 3 1 4
11 0 178 2 61 1 1 4
84 6 64 0 192 0 1 4
212 9 62 2 43 1 1 4
225 7 230 2 177 1 1 4
208 15 161 1 49 0 1 4
110 8 56 3 2 1 1 4
77 10 54 1 20 5 1 4
71 4 54 0 132 3 1 4
2 7 219 4 168 3 1 4
243 11 172 3 102 1 1 4
148 12 222 5 4 3 1 4
14 0 180 3 128 15 1 4
11 0 198 0 199 3 1 4
169 11 235 2 37 0 1 4
82 9 50 4 22 4 1 4
229 7 198 5 155 3 1 4
128 6 128 4 234 0 1 4
28 3 53 0 136 1 1 4
246 8 30 2 16 2 1 4
119 13 58 0 12 4 1 4
20 7 41 1 114 0 1 4
203 9 8 3 227 1 1 4
188 2 33 0 203 2 1 4
127 8 233 4 206 0 1 4
145 12 54 0 49 4 1 4
198 6 219 3 171 2 1 4
12 0 33 4 118 0 1 4
138 8 178 0 74 0 1 4
13 0 86 4 57 1 1 4
101 8 93 1 19 2 1 4
177 6 169 4 49 1 1 4
11 9 252 0 48 1 1 4
201 9 252 2 171 1 1 4
123 8 230 1 229 0 1 4
228 1 140 2 144 2 1 4
12 0 89 0 87 2 1 4
109 6 156 3 30 1 1 4
53 8 78 1 18 3 1 4
123 10 59 1 230 2 1 4
103 2 37 0 182 3 1 4
11 0 135 3 44 1 1 4
120 8 68 3 23 4 1 4
122 8 39 1 220 3 1 4
122 8 50 0 116 2 1 4
28 9 252 0 20 1 1 4
13 0 228 4 134 1 1 4
97 11 198 2 145 0 1 4
142 9 14 1 233 4 1 4
36 8 143 2 91 1 1 4
135 3 111 0 160 1 1 4
89 5 73 6 148 0 1 4
106 8 224 1 37 2 1 4
193 10 77 2 9 5 1 4
123 8 182 0 48 1 1 4
127 8 87 3 164 1 1 4
155 3 20 1 85 3 1 4
107 8 253 1 22 3 1 4
113 13 98 1 56 1 1 4
37 7 27 6 212 1 1 4
127 9 39 0 156 2 1 4
126 8 57 1 53 2 1 4
13 0 2 2 11 0 1 4
148 7 21 3 128 3 1 4
94 7 53 0 109 2 1 4
151 5 51 0 243 1 1 4
71 13 87 2 148 0 1 4
107 9 52 2 6 1 1 4
51 6 209 5 196 0 1 4
219 7 160 4 150 2 1 4
51 5 52 0 96 8 1 4
238 7 137 0 105 4 1 4
156 13 206 0 51 1 1 4
247 14 101 4 11 0 1 4
166 9 242 1 162 2 1 4
129 5 155 1 212 0 1 4
196 2 216 1 80 0 1 4
177 7 56 0 102 0 1 4
13 0 196 4 155 6 1 4
193 8 50 3 58 6 1 4
5 8 57 6 38 2 1 4
74 6 3 1 24 4 1 4
252 6 233 1 190 2 1 4
159 7 28 1 242 0 1 4
73 10 22 1 203 4 1 4
110 9 0 1 11 0 1 4
12 0 206 5 38 3 1 4
68 10 185 4 251 4 1 4
125 8 222 1 124 0 1 4
12 0 40 0 189 4 1 4
12 0 52 0 20 2 1 4
238 8 9 3 37 1 1 4
181 13 79 6 35 2 1 4
139 14 255 0 6 1 1 4
230 4 57 0 34 2 1 4
138 8 212 0 234 0 1 4
35 6 237 1 54 2 1 4
154 9 184 4 26 3 1 4
50 1 118 3 98 5 1 4
161 8 52 0 4 1 1 4
 lsize=1638400
